0 0.9140625 0.736328125 0.095703125 0.33984375 0.7 0.2 2 0.6 0.15 2 0.5 0.3 2 0.3 0.7 2 0.7 0.7 2 0.2 0.8 2 0.8 0.8 2 0.1 0.4 2
0 0.9716796875 0.75 0.056640625 0.13802083333333334 0.7 0.2 2 0.6 0.15 2 0.5 0.3 2 0.3 0.7 2 0.7 0.7 2 0.2 0.8 2 0.8 0.8 2 0.1 0.4 2
0 0.6689453125 0.7649739583333334 0.068359375 0.12630208333333334 0.7 0.2 2 0.6 0.15 2 0.5 0.3 2 0.3 0.7 2 0.7 0.7 2 0.2 0.8 2 0.8 0.8 2 0.1 0.4 2
0 0.61572265625 0.6067708333333334 0.0830078125 0.15625 0.7 0.2 2 0.6 0.15 2 0.5 0.3 2 0.3 0.7 2 0.7 0.7 2 0.2 0.8 2 0.8 0.8 2 0.1 0.4 2
0 0.201171875 0.798828125 0.12109375 0.3138020833333333 0.7 0.2 2 0.6 0.15 2 0.5 0.3 2 0.3 0.7 2 0.7 0.7 2 0.2 0.8 2 0.8 0.8 2 0.1 0.4 2
0 0.0810546875 0.80078125 0.037109375 0.08854166666666667 0.7 0.2 2 0.6 0.15 2 0.5 0.3 2 0.3 0.7 2 0.7 0.7 2 0.2 0.8 2 0.8 0.8 2 0.1 0.4 2
0 0.4130859375 0.7779947916666666 0.099609375 0.13151041666666666 0.7 0.2 2 0.6 0.15 2 0.5 0.3 2 0.3 0.7 2 0.7 0.7 2 0.2 0.8 2 0.8 0.8 2 0.1 0.4 2
0 0.56298828125 0.7975260416666666 0.0869140625 0.07421875 0.7 0.2 2 0.6 0.15 2 0.5 0.3 2 0.3 0.7 2 0.7 0.7 2 0.2 0.8 2 0.8 0.8 2 0.1 0.4 2
0 0.13916015625 0.6875 0.0712890625 0.1015625 0.7 0.2 2 0.6 0.15 2 0.5 0.3 2 0.3 0.7 2 0.7 0.7 2 0.2 0.8 2 0.8 0.8 2 0.1 0.4 2
0 0.58544921875 0.7779947916666666 0.0712890625 0.10286458333333333 0.7 0.2 2 0.6 0.15 2 0.5 0.3 2 0.3 0.7 2 0.7 0.7 2 0.2 0.8 2 0.8 0.8 2 0.1 0.4 2
